QDC 0 3.50321 0.00347372 -6.56769e-11 4.07111e-16
QDC 1 0.578028 0.00288998 -3.26234e-10 5.23682e-16
QDC 2 1.49661 0.0039167 4.16146e-11 6.4143e-16
QDC 3 2.764 0.00531143 5.13397e-11 7.84052e-16
QDC 4 2.67863 0.00243838 5.02854e-11 1.9183e-16
QDC 5 3.29405 0.00312217 -4.30976e-11 3.37008e-16
QDC 6 -3.09898e+09 71952.6 1.95252 4.68825e-06
QDC 7 2.79897 0.00333784 -1.75872e-10 4.37206e-16
QDC 8 -0.529849 0.00464879 4.05183e-10 -5.71151e-17
QDC 9 3.33063 0.00310257 1.75475e-10 2.44045e-16
QDC 10 -11.9317 0.00454452 -2.47323e-09 4.86114e-15
QDC 11 -7.43039 0.0044851 -1.62829e-09 4.05234e-15
QDC 12 -11.0587 0.00452323 -2.00005e-09 4.93833e-15
QDC 13 -1.28631 0.00436493 8.3133e-11 1.50529e-15
QDC 14 3.35458 0.00365652 9.08666e-11 1.42283e-15
QDC 15 2.40774 0.00603609 -7.8576e-11 2.99999e-15
QDC 16 78.3626 0.00196125 1.87335e-09 -5.8275e-16
QDC 17 -0.889067 0.00376361 -2.30755e-10 1.85129e-15
QDC 18 -11.5157 0.00340407 -1.29427e-09 2.15442e-15
QDC 19 -22.0979 0.00797937 -4.75237e-09 9.33421e-15
QDC 20 2.56498e+14 1.17298e+09 -4.84548e+06 217.777
QDC 21 0 0 0 0
ADC  0 38 0.041 0 0
ADC  1 67 0.038 0 0
ADC 2 0.86474 0.0218998 0 0
ADC 3 -0.0438916 0.0222236 0 0
ADC 4 -0.248795 0.0214991 0 0
ADC 5 1.7164 0.021705 0 0
ADC 6 67 0.038 0 0
ADC  7 67 0.038 0 0
ADC 8 0.356013 0.0229978 0 0
ADC 9 -0.350226 0.016057 0 0
ADC 10 0.129596 0.00915542 0 0
ADC  11  0 0 0 0
ADC 12 49 0.056 0 0
ADC  13 26 0.068 0 0
ADC 14 -0.00600328 0.00890065 0 0
ADC 15 0.26145 0.0179388 0 0
ADC  16  0 0 0 0
ADC  17  0 0 0 0
ADC  18 30 0.058 0 0
ADC  19 30 0.058 0 0
ADC  20 31 0.043 0 0
ADC 21 5 0.064 0 0
ADC  22 26 0.063 0 0
ADC 23 34 0.062 0 0
ADC 24 -0.0917137 0.0238199 0 0
ADC 25 0.0679819 0.0202866 0 0
ADC 26 0.0164152 0.0207595 0 0
ADC 27 0.15296 0.020651 0 0
ADC 28 10 0.059 0 0
ADC  29 10 0.060 0 0
ADC 30 -0.403016 0.0208925 0 0
ADC 31 -0.0232424 0.0149231 0 0
ADC 32 -0.0371085 0.0206325 0 0
ADC 33 -0.135575 0.0164102 0 0
ADC  34 14 0.057 0 0
ADC  35 -49 0.058 0 0
ADC 36 0.493343 0.0205227 0 0
ADC 37 -0.289932 0.0217827 0 0
ADC 38 0.0289259 0.0202847 0 0
ADC 39 -0.403859 0.0205413 0 0
ADC  40 10 0.061 0 0
ADC  41 10 0.062 0 0
ADC 42 -0.182751 0.0169964 0 0
ADC 43 0.0805822 0.0206322 0 0
ADC 44 0.312607 0.0204704 0 0
ADC 45 0.0101046 0.0203712 0 0
ADC 46 0 0.055 0 0
ADC  47 23 0.056 0 0
ADC 48 0.132114 0.0211146 0 0
ADC 49 -0.0138362 0.0220247 0 0
ADC  50  0 0 0 0
ADC 51 0 0 0 0
ADC  52 71 0.053 0 0
ADC  53 55 0.056 0 0
ADC 54 0.102979 0.0206896 0 0
ADC 55 0.0143978 0.0203261 0 0
ADC  56  0 0 0 0
ADC  57  0 0 0 0
ADC 58 0 0.495 0 0
ADC 59 3 0.501 0 0
ADC 60 0.2339 0.0213452 0 0
ADC 61 17.6282 0.704168 0 0
ADC  62  0 0 0 0
ADC 63 -0.152708 0.021228 0 0
ADC  64 25 0.059 0 0
ADC  65 22 0.062 0 0
ADC 66 0.00358832 0.0209918 0 0
ADC 67 0.174682 0.0174569 0 0
ADC 68 0.234455 0.021023 0 0
ADC 69 0 0 0 0
ADC 70 27 0.059 0 0
ADC 71 13 0.488 0 0
ADC 72 -0.0356847 0.016887 0 0
ADC 73 -0.372553 0.0235308 0 0
ADC 74 -0.0881763 0.0186635 0 0
ADC 75 -0.137163 0.0217472 0 0
ADC 76 45 0.063 0 0
ADC 77 37 0.064 0 0
ADC 78 -0.192654 0.0204721 0 0
ADC 79 0.196478 0.0206384 0 0
ADC 80 -0.135441 0.0204433 0 0
ADC 81 0.113219 0.0203071 0 0
ADC 82 24 0.063 0 0
ADC 83 -34 0.078 0 0
ADC 84 0.157557 0.0209924 0 0
ADC 85 0.0570745 0.0202872 0 0
ADC 86 0.00367817 0.0211102 0 0
ADC 87 -0.211131 0.023109 0 0
ADC 88 79 0.063 0 0
ADC 89 35 0.061 0 0
ADC 90 -0.255675 0.022696 0 0
ADC 91 0.147313 0.0189773 0 0
ADC 92 -0.279455 0.022741 0 0
ADC 93 0.309848 0.0196014 0 0
ADC 94 28 0.058 0 0
ADC 95 19 0.059 0 0
ADC 96 0.087521 0.0200432 0 0
ADC 97 -0.0343156 0.016499 0 0
ADC 98 0.000304557 0.0173389 0 0
ADC 99 0.0735021 0.0196576 0 0
ADC 100 22 0.055 0 0
ADC  101 13 0.056 0 0
ADC 102 -0.0198889 0.0165892 0 0
ADC 103 -0.0808708 0.0162851 0 0
ADC 104 -0.0168503 0.0167493 0 0
ADC 105 -0.152941 0.0209766 0 0
ADC 106 14 0.058 0 0
ADC 107 8 0.058 0 0
ADC 108 0.176101 0.0146729 0 0
ADC 109 -0.315358 0.0207395 0 0
ADC 110 -0.0171781 0.021142 0 0
ADC 111 -0.248468 0.0196482 0 0
ADC  112  54 0.058 0 0
ADC 113 19 0.063 0 0
ADC 114 0.0634218 0.0206177 0 0
ADC 115 -0.151674 0.0207587 0 0
ADC 116 -0.381574 0.0203325 0 0
ADC 117 -0.0414671 0.0207685 0 0
ADC  118 27 0.057 0 0
ADC 119 12 0.057 0 0
ADC 120 -0.553084 0.0220349 0 0
ADC 121 -0.210922 0.0215958 0 0
ADC 122 -0.101098 0.0218077 0 0
ADC 123 -0.067272 0.0219566 0 0
ADC 124 7 0.061 0 0
ADC 125 7 0.063 0 0
ADC 126 -0.22101 0.0217438 0 0
ADC  127  0 0 0 0
ADC 128 -0.600862 0.0410748 0 0
ADC 129 0.230242 0.0170051 0 0
ADC 130 17 0.057 0 0
ADC  131 12 0.058 0 0
ADC 132 -0.282856 0.025604 0 0
ADC 133 -0.25478 0.0249783 0 0
ADC 134 -0.212368 0.0230027 0 0
ADC 135 -0.31908 0.0227309 0 0
ADC 136 24 0.057 0 0
ADC 137 11 0.058 0 0
ADC 138 -0.433723 0.0210974 0 0
ADC 139 0.116058 0.020429 0 0
ADC 140 0.070079 0.0210821 0 0
ADC 141 0.364431 0.0206044 0 0
ADC  142 29 0.058 0 0
ADC  143 29 0.058 0 0
ADC 144 -0.0957013 0.0212367 0 0
ADC 145 -0.125043 0.0203153 0 0
ADC 146 0.106831 0.0222127 0 0
ADC 147 -0.285503 0.0215517 0 0
ADC 148 42 0.060 0 0
ADC 149 42 0.060 0 0
ADC 150 -0.0607279 0.0236966 0 0
ADC 151 -0.321726 0.0234499 0 0
ADC 152 0.01358 0.0226162 0 0
ADC 153 0.0150116 0.0178635 0 0
ADC 154 28 0.059 0 0
ADC 155 0 0.060 0 0
ADC 156 -1.64398 0.0340664 0 0
ADC 157 -0.107417 0.0207439 0 0
ADC 158 0.067076 0.0215761 0 0
ADC 159 0.0275886 0.0227532 0 0
ADC 160 29 0.064 0 0
ADC 161 24 0.064 0 0
ADC 162 -0.265589 0.0211048 0 0
ADC 163 -0.231233 0.0210506 0 0
ADC 164 0.0877569 0.0211773 0 0
ADC 165 -0.167378 0.021091 0 0