Det Name	LaBrPos	LaBrSigma	NaIPos	NaISigma	theta	sin	cos	tan
PARIS_BR1D1	0.001875	0.0309138	0.615625	0.0309138	0.122783	0.122475	0.992472	0.123404
PARIS_BR1D2	0.064375	0.0177139	0.624375	0.0177139	0.28173	0.278018	0.960576	0.289428
PARIS_BR1D3	0.000625	0.0177952	0.625625	0.0177952	0.169478	0.168668	0.985673	-0.17112
PARIS_BR1D4	0.074375	0.0183971	0.630625	0.0183971	0.194273	0.193053	0.981188	0.196755
PARIS_BR1D5	0.074375	0.0263468	0.625625	0.0263468	0.193029	0.191833	0.981428	0.195463
PARIS_BR1D6	0.076875	0.0190726	0.631875	0.0190726	0.262121	0.25913	0.965842	0.268294
PARIS_BR1D7	0.063125	0.0181279	0.635625	0.0181279	0.21596	0.214285	0.976771	0.219381
PARIS_BR1D8	0.079375	0.01728	0.639375	0.01728	0.276444	0.272936	0.962032	0.283708
PARIS_BR2D1	0.075625	0.0230158	0.630625	0.0230158	0.142182	0.141704	0.989909	0.143148
PARIS_BR2D2	0.031875	0.015459	0.644375	0.015459	0.234804	0.232653	0.97256	0.239217
PARIS_BR2D3	0.004375	0.0177634	0.608125	0.0177634	0.0238133	0.023811	0.999716	-0.0238178
PARIS_BR2D4	-0.004375	0.0177429	0.619375	0.0177429	0.35682	0.349296	0.937012	-0.372776
PARIS_BR2D5	-0.003125	0.0268367	0.633125	0.0268367	0.0444034	0.0443888	0.999014	0.0444326
PARIS_BR2D6	0.023125	0.0173879	0.631875	0.0173879	0.218121	0.216396	0.976306	0.221647
PARIS_BR2D7	0.011875	0.0196437	0.629375	0.0196437	0.0411843	0.0411726	0.999152	0.0412076
PARIS_BR2D8	-0.004375	0.0157464	0.620625	0.0157464	0.128598	0.128244	0.991743	0.129312
PARIS_BR2D9	0.001875	0.0262857	0.624375	0.0262857	0.52729	0.503194	0.864174	-0.582283
PARIS_BR2D10	0.000625	0.0173629	0.609375	0.0173629	0.0788167	0.0787351	0.996896	-0.0789803
PARIS_BR2D11	0.008125	0.0186112	0.604375	0.0186112	0.346013	0.33915	0.940732	-0.360517
PARIS_BR2D12	0.064375	0.0177206	0.623125	0.0177206	0.437879	0.42402	0.905653	0.468192
PARIS_BR2D13	-0.003125	0.0292981	0.625625	0.0292981	0.187628	0.186529	0.982449	0.189862
PARIS_BR2D14	0.030625	0.0180191	0.638125	0.0180191	0.288481	0.284496	0.958677	0.296759
PARIS_BR2D15	0.019375	0.0189195	0.613125	0.0189195	0.08735	0.0872389	0.996187	0.0875728
PARIS_BR2D16	0.018125	0.0162853	0.624375	0.0162853	0.104978	0.104785	0.994495	0.105365
PARIS_BR3D1	0.046875	0.0327086	0.651875	0.0327086	0.256201	0.253407	0.96736	0.261957
PARIS_BR3D2	0.034375	0.0207038	0.644375	0.0207038	0.0966163	0.096466	0.995336	0.096918
PARIS_BR3D3	0.004375	0.0218581	0.604375	0.0218581	0.452998	0.437663	0.899139	-0.486758
PARIS_BR3D4	0.010625	0.015651	0.621875	0.015651	0.083691	0.0835933	0.9965	0.0838869
PARIS_BR3D5	0.016875	0.0194249	0.628125	0.0194249	0.0957401	0.0955939	0.99542	0.0960337
PARIS_BR3D6	0.014375	0.0160109	0.616875	0.0160109	0.340563	0.334018	0.942567	-0.35437
PARIS_BR3D7	0.033125	0.0172346	0.626875	0.0172346	0.336174	0.329878	0.944024	0.349438
PARIS_BR3D8	0.025625	0.0163663	0.616875	0.0163663	0.180427	0.17945	0.983767	0.182411
PARIS_BR3D9	0.016875	0.0323385	0.628125	0.0323385	0.0498686	0.0498479	0.998757	0.04991
PARIS_BR3D10	0.034375	0.0201732	0.641875	0.0201732	0.334552	0.328346	0.944557	-0.347619
PARIS_BR3D11	0.014375	0.0153508	0.616875	0.0153508	0.235917	0.233734	0.9723	0.240393
PARIS_BR3D12	0.024375	0.0145707	0.629375	0.0145707	0.147424	0.14689	0.989153	0.148501
PARIS_FR1D1	0.068125	0.0293247	0.614375	0.0293247	0.248464	0.245915	0.969291	0.253706
PARIS_FR1D2	0.029375	0.0186989	0.615625	0.0186989	0.186612	0.185531	0.982638	0.188809
PARIS_FR1D3	0.094375	0.0243807	0.629375	0.0243807	0.27574	0.272259	0.962224	0.282948
PARIS_FR1D4	0.063125	0.0151272	0.620625	0.0151272	0.212265	0.210675	0.977556	0.215512
PARIS_FR1D5	-0.000625	0.032586	0.619375	0.032586	0.312989	0.307904	0.951417	-0.323627
PARIS_FR1D6	0.074375	0.0195493	0.621875	0.0195493	0.183492	0.182464	0.983213	0.185579
PARIS_FR1D7	0.064375	0.0191685	0.616875	0.0191685	0.242567	0.240195	0.970725	0.247439
PARIS_FR1D8	-0.004375	0.0139615	0.611875	0.0139615	0.0377291	0.0377202	0.999288	0.037747
PARIS_FR2D1	0.059375	0.0247676	0.616875	0.0247676	0.160515	0.159827	0.987145	0.161908
PARIS_FR2D2	0.006875	0.016048	0.619375	0.016048	0.0725885	0.0725248	0.997367	0.0727163
PARIS_FR2D3	0.005625	0.0192455	0.606875	0.0192454	0.714596	0.655312	0.755358	-0.867552
PARIS_FR2D4	0.035625	0.0139274	0.633125	0.0139274	0.337534	0.331161	0.943574	0.350965
PARIS_FR2D5	0.026875	0.0275603	0.638125	0.0275603	0.234594	0.232448	0.972609	0.238994
PARIS_FR2D6	0.031875	0.0168245	0.630625	0.0168245	0.367876	0.359634	0.933093	0.385422
PARIS_FR2D7	0.004375	0.0187855	0.623125	0.0187855	0.0981363	0.0979788	0.995189	-0.0984525
PARIS_FR2D8	0.015625	0.0138835	0.639375	0.0138835	0.283416	0.279637	0.960106	0.291256
PARIS_FR2D9	-0.004375	0.0314672	0.615625	0.0314672	0.00517291	0.00517289	0.999987	-0.00517296
PARIS_FR2D10	0.075625	0.0197208	0.635625	0.0197208	0.0959534	0.0958062	0.9954	0.0962489
PARIS_FR2D11	0.018125	0.15389	0.629375	0.259916	0.175843	0.174938	0.984579	-0.177678
PARIS_FR2D12	0.020625	0.0150965	0.631875	0.0150965	0.271945	0.268605	0.96325	0.278853
PARIS_FR2D13	-0.000625	0.0338707	0.613125	0.0338708	0.14238	0.1419	0.989881	0.14335
PARIS_FR2D14	0.030625	0.0198757	0.641875	0.0198757	0.373583	0.364953	0.931026	0.391991
PARIS_FR2D15	0.166875	0.0134455	0.701875	0.0134455	0.0892331	0.0891147	0.996021	0.0894707
PARIS_FR2D16	0.026875	0.209693	0.626875	0.0154737	0.0936732	0.0935363	0.995616	0.0939482
PARIS_FR3D1	0.033125	0.0254237	0.630625	0.0254237	0.15379	0.153185	0.988198	0.155014
PARIS_FR3D2	0.011875	0.0164201	0.630625	0.0164201	0.140125	0.139667	0.990198	0.14105
PARIS_FR3D3	0.011875	0.017507	0.631875	0.017507	0.14399	0.143493	0.989651	0.144994
PARIS_FR3D4	0.009375	0.0183356	0.624375	0.0183356	0.114109	0.113861	0.993497	0.114607
PARIS_FR3D5	0.003125	0.0298155	0.621875	0.0298155	0.163791	0.163059	0.986616	0.165271
PARIS_FR3D6	0.021875	0.0187004	0.638125	0.0187004	0.141976	0.141499	0.989938	0.142937
PARIS_FR3D7	0.119375	0.15601	0.484375	0.15601	0.136009	0.13559	0.990765	-0.136854
PARIS_FR3D8	0.034375	0.0161288	0.649375	0.0161288	0.0685886	0.0685348	0.997649	0.0686964
PARIS_FR3D9	0.015625	0.0328834	0.629375	0.0328834	0.152699	0.152106	0.988364	0.153897
PARIS_FR3D10	0.011875	0.0171642	0.621875	0.0171642	0.0872387	0.0871281	0.996197	0.0874607
PARIS_FR3D11	0.018125	0.0185307	0.611875	0.0185307	0	0	1	-0
