Det Name 	 LaBrPos 	 LaBrSigma 	 NaIPos 	 NaISigma 	 theta
PARIS50	0.755455	0.0169762	0.35392	0.0169762	4.6695e-310
PARIS70	0	0	0	0	4.6695e-310
PARIS90	0.7584	0.0186188	0.343121	0.0186188	4.6695e-310
PARIS110	0.753491	0.0161188	0.346066	0.0161188	4.6695e-310
PARIS130	0.744656	0.0172044	0.332322	0.0172044	4.6695e-310
PARIS235	0	0	0	0	4.6695e-310
PARIS262	0.75251	0.0181971	0.342139	0.0181971	4.6695e-310
PARIS278	0.749564	0.015564	0.334285	0.015564	4.6695e-310
PARIS305	0.756437	0.0160974	0.346066	0.0160974	4.6695e-310
